			    p8p reducing tables

index	first	same	subtop	  newsigma	c2ptr   c2[0..53; 54..85]

 0	  13	 364	   3	     416	   0	   424	   355
 1	  54	 364	   3	     417	   4	   354	   424
 2	  38	 364	   2	     402	   8	   100	     0
 3	  39	 364	   2	     417	  11	     0	   356
 4	   x	 364	   1	     417	  14	   424	   424
 5	   x	 364	   1	     418	  16	   363	     0
 6	   x	 364	   1	     419	  18	   421	   356
 7	   x	 406	   2	     410	  20	     0	     0
 8	   x	 406	   1	     405	  23	   404	   357
 9	   x	 406	   1	     409	  25	   403	   425
10	   x	 406	   1	     411	  27	     0	     0
11	   x	 406	   1	     412	  29	   424	   358
12	   x	 406	   0	     405	   3	   303	   425
13	  30	 100	   2	     404	  31	     0	     0
14	   x	 100	   2	     420	  34	   420	   405
15	  18	 100	   1	     420	  37	     0	   401
16	   x	 100	   0	     404	   3	   405	   350
17	   x	 100	   0	     426	   3	   350	     0
18	   x	 353	   4	     422	  39	   304	   405
19	   x	 353	   3	     415	  44	     0	   350
20	   x	 353	   2	     414	  48	   308	     0
21	  50	 353	   2	     426	  51	   409	   401
22	  51	 425	   2	     424	  54	     0	     0
23	  52	 425	   2	     424	  57	   405	   307
24	  53	 425	   2	     424	  86	     0	     0
25	   x	 425	   1	     424	  60	   413	   306
26	   0	 425	   0	     424	   3	     0	     0
27	   x	 426	   2	     425	  62	   414	   363
28	   x	 426	   2	     425	  65	     0	   421
29	   x	 426	   0	     425	   3	   415	     0
30	  32	 351	   3	     400	  68	     0	   303
31	   x	 351	   2	     407	  72	   363	     0
32	   x	 402	   1	     401	  75	   404     365
33	   x	 402	   0	     401	   3	     0     424
34	   7	 422	   1	     413	  77	   363       0
35	  40	 422	   1	     414	  79	   420
36	  41	 424	   2	     420	  81	     0
37	  48	 424	   1	     420	  84	   302
38	  49	   0		     403		     0
39	  42			     403		   424
40	  43			     406		   423
41	   x			     406		   424
42	   x			     406		   352
43	   x			     406		     0
44	  44			     406		   424
45	  45			     406		   352
46	  46			     406		   309
47	  47			     406		     0
48	   x			     408		   352
49	   x			     408		   306
50	  34			     423		     0
51	   x			     423		   424
52	  36			     423		   352
53	  22			     423		     0
54	  27			     426
